# ---- 000 ---- #
                  Function  Number             Total time
0            Calculate NPV   50000 0 days 00:03:50.195879
1              CPM Forward    2600 0 days 00:00:01.294375
2             CPM Backward    2300 0 days 00:00:01.168436
3                      CPM     100 0 days 00:00:02.573067
4          Validation Path  250243 0 days 00:03:49.802628
5  Find Neighbour Schedule   49900 0 days 00:03:49.885787
6      Simulated Annealing     100 0 days 00:03:50.337829
7                    Total     100 0 days 00:03:53.035799
# ---- 001 ---- #
[1021.7276691622468, 1024.6385476037842, 1024.946862763532, 1021.9311139196337, 1025.8151080355392, 1017.4670204792569, 1024.9357250835317, 1016.6212736103574, 1023.8399039543158, 1022.8234902914627, 1022.2342556306861, 1021.7276691622468, 1016.9624597335617, 1016.9624597335617, 1019.4204086047971, 1026.3292897071103, 1021.0681161742134, 1021.9311139196337, 1023.8399039543158, 1022.2342556306861, 1026.3427782115118, 1021.7276691622468, 1023.8399039543158, 1016.9624597335617, 1024.946862763532, 1022.2958201154902, 1023.3519004033985, 1023.8399039543158, 1025.0308782965499, 1017.1894245636008, 1025.0308782965499, 1016.6212736103574, 1021.7276691622468, 1021.7276691622468, 1025.0308782965499, 1024.946862763532, 1025.5150137167752, 1025.0308782965499, 1016.6212736103574, 1025.0308782965499, 1017.5249574903643, 1022.2342556306861, 1025.8151080355392, 1023.8399039543158, 1016.9624597335617, 1024.946862763532, 1025.0308782965499, 1024.946862763532, 1022.2342556306861, 1022.2342556306861, 1025.0308782965499, 1023.8399039543158, 1021.7276691622468, 1024.946862763532, 1023.8399039543158, 1022.2342556306861, 1021.9311139196337, 1017.1894245636008, 1021.7276691622468, 1016.6212736103574, 1016.9583030548494, 1021.7276691622468, 1024.5655034807396, 1024.7200177816821, 1024.946862763532, 1018.5918128971409, 1023.3731875384448, 1019.7290389851427, 1022.4992648728771, 1022.2342556306861, 1021.7276691622468, 1022.2342556306861, 1021.9311139196337, 1023.5950860020928, 1021.9311139196337, 1016.9624597335617, 1016.9624597335617, 1022.2342556306861, 1021.7276691622468, 1022.2342556306861, 1017.5472437664712, 1021.9311139196337, 1021.7276691622468, 1016.6212736103574, 1023.0269350488496, 1023.8399039543158, 1016.9624597335617, 1023.3595216793699, 1016.1304969379667, 1024.9588818847365, 1016.9624597335617, 1016.6212736103574, 1018.0582808627773, 1023.8399039543158, 1023.8399039543158, 1021.9311139196337, 1021.9311139196337, 1025.7858512027497, 1021.7276691622468, 1016.9624597335617]
# ---- 002 ---- #
Min :     1016.1304969379667
Mean :    1021.7977806291469
Median :  1022.2342556306861
Max :     1026.3427782115118
