# ---- 000 ---- #
                  Function  Number             Total time
0            Calculate NPV    3508 0 days 00:00:14.004899
1              CPM Forward    2600 0 days 00:00:01.191747
2             CPM Backward    2300 0 days 00:00:01.033192
3                      CPM     100 0 days 00:00:02.313399
4          Validation Path   16978 0 days 00:00:13.660654
5  Find Neighbour Schedule    3408 0 days 00:00:13.735093
6      Simulated Annealing     100 0 days 00:00:14.280460
7                    Total     100 0 days 00:00:16.721012
# ---- 001 ---- #
[1025.5690381794343, 1022.9717060532362, 1022.2342556306861, 1022.2342556306861, 1016.6212736103574, 1022.4992648728771, 1024.946862763532, 1022.8024065839295, 1016.6212736103574, 1018.5532204462443, 1024.946862763532, 1024.946862763532, 1024.946862763532, 1016.6212736103574, 1027.8262272649974, 1021.9311139196337, 1016.9624597335617, 1025.8151080355392, 1016.6212736103574, 1026.5073304521472, 1016.7463809478154, 1024.946862763532, 1025.0308782965499, 1024.946862763532, 1025.8151080355392, 1023.6540446827445, 1016.9624597335617, 1016.9624597335617, 1021.7276691622468, 1016.6212736103574, 1025.8151080355392, 1025.5150137167752, 1025.5990292497927, 1022.2665632827006, 1026.3427782115118, 1021.9311139196337, 1019.4041440917546, 1021.9311139196337, 1022.2342556306861, 1019.1431983895764, 1021.9311139196337, 1016.6212736103574, 1025.4107003690713, 1021.0389825972402, 1021.7276691622468, 1022.2342556306861, 1021.9311139196337, 1024.946862763532, 1018.5532204462443, 1023.9084078182617, 1025.0171261120831, 1025.0308782965499, 1025.5990292497927, 1021.7276691622468, 1025.0308782965499, 1022.5328174167055, 1023.8399039543158, 1025.5150137167752, 1022.2342556306861, 1024.946862763532, 1016.9624597335617, 1024.946862763532, 1027.4276957383108, 1024.946862763532, 1022.2958201154902, 1021.4223636454196, 1025.211985396445, 1023.4330532038693, 1024.208543759172, 1022.2342556306861, 1017.9560177970793, 1025.385100483888, 1021.7276691622468, 1024.5105396436438, 1022.2342556306861, 1024.9588818847365, 1025.0308782965499, 1016.9624597335617, 1024.946862763532, 1026.0426838927478, 1016.9624597335617, 1022.4992648728771, 1023.8399039543158, 1018.0582808627773, 1024.946862763532, 1024.5105396436438, 1024.946862763532, 1025.0308782965499, 1016.9624597335617, 1021.7276691622468, 1021.7276691622468, 1022.2342556306861, 1016.9624597335617, 1018.0582808627773, 1023.8399039543158, 1024.166202466573, 1016.6212736103574, 1022.873455247251, 1016.9624597335617, 1022.2342556306861]
# ---- 002 ---- #
Min :     1016.6212736103574
Mean :    1022.3356393516901
Median :  1022.5160411447913
Max :     1027.8262272649974
